1 0.0325 0.1175 0.065 0.175
1 0.15 0.11875 0.055 0.1875
1 0.31 0.12625 0.07875 0.20875
1 0.4325 0.14375 0.0725 0.16875
1 0.5775 0.12875 0.0625 0.175
1 0.72375 0.12875 0.08375 0.20875
1 0.8425 0.13625 0.09125 0.20625
1 0.96625 0.1425 0.0675 0.19
1 0.0525 0.375 0.08625 0.20875
1 0.1825 0.38625 0.09125 0.255
1 0.2975 0.37625 0.08375 0.1975
1 0.445 0.36875 0.0775 0.22875
1 0.58125 0.3825 0.065 0.1875
1 0.71875 0.36625 0.09625 0.1925
1 0.85125 0.37125 0.0575 0.15875
1 0.9625 0.3675 0.0625 0.15375
1 0.04125 0.63125 0.04625 0.175
1 0.175 0.64 0.07875 0.2
1 0.31125 0.64 0.09125 0.2
1 0.44 0.62375 0.07 0.20625
1 0.58625 0.62875 0.065 0.175
1 0.7075 0.63 0.08125 0.1725
1 0.84875 0.61625 0.05 0.15625
1 0.9675 0.63125 0.065 0.175
1 0.05875 0.89625 0.07875 0.2025
1 0.18375 0.88125 0.06 0.235
1 0.30375 0.88125 0.07875 0.14875
1 0.43 0.88375 0.0575 0.15125
1 0.59 0.87625 0.07 0.15125
1 0.705 0.87125 0.065 0.1925
1 0.83625 0.88625 0.055 0.16875
1 0.9625 0.88125 0.075 0.175